6.238822937011718750e+00 1.402370452880859375e+00 -1.109566807746887207e+00 3.085137605667114258e-01 -4.632115364074707031e-01 -6.350238323211669922e-01 -1.813694953918457031e+00 -8.242417573928833008e-01 2.280793428421020508e+00 1.209187507629394531e-01 1.586742997169494629e+00 2.803176045417785645e-01 -1.545976758003234863e+00 -2.489326477050781250e+00 -1.956902891397476196e-01 5.029997825622558594e-01 -1.265667676925659180e+00 3.413258552551269531e+00 3.467123806476593018e-01 3.356398344039916992e+00
1.402370452880859375e+00 6.400676250457763672e+00 -1.696035146713256836e+00 -3.454369783401489258e+00 -3.148530006408691406e+00 8.810895681381225586e-01 -1.068673729896545410e-01 -1.749253749847412109e+00 2.664268016815185547e-01 -1.431762814521789551e+00 5.517780780792236328e-03 6.232888102531433105e-01 -9.698118567466735840e-01 -7.828594446182250977e-01 -1.010349750518798828e+00 8.947937488555908203e-01 1.418130248785018921e-01 9.901409149169921875e-01 -9.502491950988769531e-01 -1.162916421890258789e+00
-1.109566807746887207e+00 -1.696035146713256836e+00 5.365694046020507812e+00 8.122088909149169922e-01 1.804582595825195312e+00 1.432823657989501953e+00 -4.509815573692321777e-01 1.372320294380187988e+00 -2.194853782653808594e+00 -7.119760513305664062e-01 -2.459760308265686035e-01 5.223985910415649414e-01 -2.407999336719512939e-02 1.840990781784057617e-01 -1.223545789718627930e+00 1.767836958169937134e-01 4.700013995170593262e-01 -6.166245341300964355e-01 7.594714164733886719e-01 4.928463697433471680e-01
3.085137605667114258e-01 -3.454369783401489258e+00 8.122088909149169922e-01 7.918582439422607422e+00 2.152384042739868164e+00 -2.331508874893188477e+00 5.931134223937988281e-01 1.532054185867309570e+00 -2.243244886398315430e+00 -3.140878677368164062e-02 1.070914149284362793e+00 -1.995620131492614746e+00 -1.073666572570800781e+00 -3.368791818618774414e+00 1.706874370574951172e+00 5.040761828422546387e-01 -2.594752311706542969e+00 3.973011374473571777e-01 1.007160991430282593e-01 3.088116407394409180e+00
-4.632115364074707031e-01 -3.148530006408691406e+00 1.804582595825195312e+00 2.152384042739868164e+00 1.107700634002685547e+01 2.039782285690307617e+00 -2.188773632049560547e+00 -2.765288829803466797e+00 -2.391646862030029297e+00 3.656476020812988281e+00 -1.035501718521118164e+00 -1.269706487655639648e+00 2.392528057098388672e+00 -1.788314580917358398e+00 -8.960521221160888672e-01 -9.093830585479736328e-01 1.034252762794494629e+00 -9.774212837219238281e-01 -2.073107361793518066e-01 -3.091289997100830078e-01
-6.350238323211669922e-01 8.810895681381225586e-01 1.432823657989501953e+00 -2.331508874893188477e+00 2.039782285690307617e+00 6.042271614074707031e+00 8.509242534637451172e-01 -1.225039839744567871e+00 -1.860558986663818359e-02 4.929135799407958984e+00 -1.907201409339904785e+00 -4.067984223365783691e-01 3.454672813415527344e+00 -3.644516468048095703e-01 -3.003774285316467285e-01 -6.207739114761352539e-01 2.242199897766113281e+00 3.675888776779174805e-01 2.254310607910156250e+00 -2.595699310302734375e+00
-1.813694953918457031e+00 -1.068673729896545410e-01 -4.509815573692321777e-01 5.931134223937988281e-01 -2.188773632049560547e+00 8.509242534637451172e-01 7.714977741241455078e+00 1.528172373771667480e+00 -3.395360112190246582e-01 -1.804519653320312500e+00 1.888602972030639648e-02 -2.173686265945434570e+00 1.745091080665588379e+00 1.976922512054443359e+00 2.059543132781982422e-01 1.486964941024780273e+00 9.199158549308776855e-01 2.925615310668945312e-01 1.966349244117736816e+00 2.209929227828979492e-01
-8.242417573928833008e-01 -1.749253749847412109e+00 1.372320294380187988e+00 1.532054185867309570e+00 -2.765288829803466797e+00 -1.225039839744567871e+00 1.528172373771667480e+00 5.954128265380859375e+00 -1.124657392501831055e+00 -5.471456050872802734e-01 3.860080242156982422e-02 -1.248791575431823730e+00 5.519598722457885742e-02 2.814653635025024414e+00 1.541296482086181641e+00 7.513529062271118164e-01 -5.357514023780822754e-01 1.986395359039306641e+00 1.868738651275634766e+00 2.626226902008056641e+00
2.280793428421020508e+00 2.664268016815185547e-01 -2.194853782653808594e+00 -2.243244886398315430e+00 -2.391646862030029297e+00 -1.860558986663818359e-02 -3.395360112190246582e-01 -1.124657392501831055e+00 1.134983253479003906e+01 1.096468925476074219e+00 -1.664373874664306641e+00 2.428024530410766602e+00 6.558956950902938843e-02 2.815845966339111328e+00 1.239007711410522461e+00 -2.432113170623779297e+00 9.593605995178222656e-02 -1.858438014984130859e+00 1.554770469665527344e-01 -2.768034458160400391e+00
1.209187507629394531e-01 -1.431762814521789551e+00 -7.119760513305664062e-01 -3.140878677368164062e-02 3.656476020812988281e+00 4.929135799407958984e+00 -1.804519653320312500e+00 -5.471456050872802734e-01 1.096468925476074219e+00 1.016580581665039062e+01 -1.818799257278442383e+00 -2.832583427429199219e+00 2.193771600723266602e+00 -6.370468735694885254e-01 1.269644498825073242e+00 -2.279513597488403320e+00 1.472686290740966797e+00 1.829575419425964355e+00 3.319085597991943359e+00 -1.984844923019409180e+00
1.586742997169494629e+00 5.517780780792236328e-03 -2.459760308265686035e-01 1.070914149284362793e+00 -1.035501718521118164e+00 -1.907201409339904785e+00 1.888602972030639648e-02 3.860080242156982422e-02 -1.664373874664306641e+00 -1.818799257278442383e+00 4.890970706939697266e+00 -4.940800070762634277e-01 -2.283036708831787109e+00 -1.456650853157043457e+00 -1.618042111396789551e+00 5.021232962608337402e-01 8.770737051963806152e-02 1.556695818901062012e+00 -1.226518750190734863e+00 3.318265676498413086e+00
2.803176045417785645e-01 6.232888102531433105e-01 5.223985910415649414e-01 -1.995620131492614746e+00 -1.269706487655639648e+00 -4.067984223365783691e-01 -2.173686265945434570e+00 -1.248791575431823730e+00 2.428024530410766602e+00 -2.832583427429199219e+00 -4.940800070762634277e-01 8.028675079345703125e+00 1.902133941650390625e+00 -1.411570906639099121e+00 -2.872119426727294922e+00 1.477549076080322266e+00 -2.750825285911560059e-01 -3.971484661102294922e+00 -2.843067646026611328e+00 -3.613569974899291992e+00
-1.545976758003234863e+00 -9.698118567466735840e-01 -2.407999336719512939e-02 -1.073666572570800781e+00 2.392528057098388672e+00 3.454672813415527344e+00 1.745091080665588379e+00 5.519598722457885742e-02 6.558956950902938843e-02 2.193771600723266602e+00 -2.283036708831787109e+00 1.902133941650390625e+00 7.126367092132568359e+00 8.952689170837402344e-01 -7.182754874229431152e-01 -7.994801998138427734e-01 2.807600498199462891e+00 -1.498197436332702637e+00 -1.592538803815841675e-01 -1.639225721359252930e+00
-2.489326477050781250e+00 -7.828594446182250977e-01 1.840990781784057617e-01 -3.368791818618774414e+00 -1.788314580917358398e+00 -3.644516468048095703e-01 1.976922512054443359e+00 2.814653635025024414e+00 2.815845966339111328e+00 -6.370468735694885254e-01 -1.456650853157043457e+00 -1.411570906639099121e+00 8.952689170837402344e-01 7.875627517700195312e+00 1.434499263763427734e+00 -2.064791679382324219e+00 4.864354133605957031e-01 -7.220480442047119141e-01 1.209533691406250000e+00 -6.120471954345703125e-01
-1.956902891397476196e-01 -1.010349750518798828e+00 -1.223545789718627930e+00 1.706874370574951172e+00 -8.960521221160888672e-01 -3.003774285316467285e-01 2.059543132781982422e-01 1.541296482086181641e+00 1.239007711410522461e+00 1.269644498825073242e+00 -1.618042111396789551e+00 -2.872119426727294922e+00 -7.182754874229431152e-01 1.434499263763427734e+00 6.092851638793945312e+00 -1.899039030075073242e+00 -3.843550682067871094e+00 9.944416284561157227e-01 1.698003530502319336e+00 1.327210068702697754e-01
5.029997825622558594e-01 8.947937488555908203e-01 1.767836958169937134e-01 5.040761828422546387e-01 -9.093830585479736328e-01 -6.207739114761352539e-01 1.486964941024780273e+00 7.513529062271118164e-01 -2.432113170623779297e+00 -2.279513597488403320e+00 5.021232962608337402e-01 1.477549076080322266e+00 -7.994801998138427734e-01 -2.064791679382324219e+00 -1.899039030075073242e+00 5.934377193450927734e+00 -1.125938147306442261e-01 1.161060214042663574e+00 1.572768211364746094e+00 4.509179592132568359e-01
-1.265667676925659180e+00 1.418130248785018921e-01 4.700013995170593262e-01 -2.594752311706542969e+00 1.034252762794494629e+00 2.242199897766113281e+00 9.199158549308776855e-01 -5.357514023780822754e-01 9.593605995178222656e-02 1.472686290740966797e+00 8.770737051963806152e-02 -2.750825285911560059e-01 2.807600498199462891e+00 4.864354133605957031e-01 -3.843550682067871094e+00 -1.125938147306442261e-01 7.489115715026855469e+00 5.948396325111389160e-01 -9.437916278839111328e-01 -3.264324665069580078e-01
3.413258552551269531e+00 9.901409149169921875e-01 -6.166245341300964355e-01 3.973011374473571777e-01 -9.774212837219238281e-01 3.675888776779174805e-01 2.925615310668945312e-01 1.986395359039306641e+00 -1.858438014984130859e+00 1.829575419425964355e+00 1.556695818901062012e+00 -3.971484661102294922e+00 -1.498197436332702637e+00 -7.220480442047119141e-01 9.944416284561157227e-01 1.161060214042663574e+00 5.948396325111389160e-01 7.662023544311523438e+00 2.875867366790771484e+00 3.494004964828491211e+00
3.467123806476593018e-01 -9.502491950988769531e-01 7.594714164733886719e-01 1.007160991430282593e-01 -2.073107361793518066e-01 2.254310607910156250e+00 1.966349244117736816e+00 1.868738651275634766e+00 1.554770469665527344e-01 3.319085597991943359e+00 -1.226518750190734863e+00 -2.843067646026611328e+00 -1.592538803815841675e-01 1.209533691406250000e+00 1.698003530502319336e+00 1.572768211364746094e+00 -9.437916278839111328e-01 2.875867366790771484e+00 5.597126007080078125e+00 1.155684590339660645e+00
3.356398344039916992e+00 -1.162916421890258789e+00 4.928463697433471680e-01 3.088116407394409180e+00 -3.091289997100830078e-01 -2.595699310302734375e+00 2.209929227828979492e-01 2.626226902008056641e+00 -2.768034458160400391e+00 -1.984844923019409180e+00 3.318265676498413086e+00 -3.613569974899291992e+00 -1.639225721359252930e+00 -6.120471954345703125e-01 1.327210068702697754e-01 4.509179592132568359e-01 -3.264324665069580078e-01 3.494004964828491211e+00 1.155684590339660645e+00 1.041676521301269531e+01
