6.490736961364746094e+00 2.847296476364135742e+00 1.840750217437744141e+00 -2.746740818023681641e+00 8.155598640441894531e-01 2.477159976959228516e+00 -6.608829498291015625e-01 -6.134142875671386719e-01 -3.695434927940368652e-01 -2.071472406387329102e+00 -2.243382215499877930e+00 1.040604114532470703e+00 -1.818902254104614258e+00 -1.153291702270507812e+00 5.837817192077636719e-01 1.632384538650512695e+00 4.111589789390563965e-01 8.423982858657836914e-01 2.501100003719329834e-01 5.988149046897888184e-01
2.847296476364135742e+00 4.456020355224609375e+00 1.198337793350219727e+00 1.619700312614440918e+00 1.529348969459533691e+00 2.983619928359985352e+00 -1.529693603515625000e-02 7.841003537178039551e-01 -5.401363968849182129e-01 -1.265668511390686035e+00 -1.062276124954223633e+00 1.856074035167694092e-01 -1.099018812179565430e+00 -1.026791632175445557e-01 -2.188670158386230469e+00 1.256297230720520020e+00 3.870623111724853516e-01 -2.550615072250366211e-01 -3.629133105278015137e-01 1.285810470581054688e+00
1.840750217437744141e+00 1.198337793350219727e+00 1.322439765930175781e+01 1.385153174400329590e+00 -3.370949029922485352e-01 6.936985254287719727e-01 -1.449017763137817383e+00 2.025202989578247070e+00 2.368846535682678223e-01 -6.218379139900207520e-01 2.767966032028198242e+00 -8.221338391304016113e-01 -4.424306154251098633e-01 1.397797465324401855e+00 2.114679336547851562e+00 1.966060161590576172e+00 -5.929495394229888916e-02 1.276566028594970703e+00 -4.173845052719116211e-01 -1.745377540588378906e+00
-2.746740818023681641e+00 1.619700312614440918e+00 1.385153174400329590e+00 9.607008934020996094e+00 1.743837356567382812e+00 1.042680144309997559e-01 1.466675162315368652e+00 1.445431709289550781e+00 1.896919727325439453e+00 1.336594939231872559e+00 -2.380342483520507812e-01 -2.686766624450683594e+00 1.008082628250122070e+00 2.417467355728149414e+00 -2.296674966812133789e+00 8.071105480194091797e-01 7.178484201431274414e-01 1.054787874221801758e+00 1.673532009124755859e+00 -4.555363655090332031e-01
8.155598640441894531e-01 1.529348969459533691e+00 -3.370949029922485352e-01 1.743837356567382812e+00 6.762706756591796875e+00 1.239332079887390137e+00 7.648209333419799805e-01 4.134988784790039062e-02 -6.749030351638793945e-01 1.225133419036865234e+00 -1.571382284164428711e+00 -1.613862991333007812e+00 -4.338277339935302734e+00 7.523195147514343262e-01 3.487095236778259277e-01 -2.576780319213867188e-01 2.605516910552978516e+00 -9.865552186965942383e-01 8.924866914749145508e-01 1.795495986938476562e+00
2.477159976959228516e+00 2.983619928359985352e+00 6.936985254287719727e-01 1.042680144309997559e-01 1.239332079887390137e+00 7.932639598846435547e+00 4.794170856475830078e-01 -2.430556058883666992e+00 -1.781168818473815918e+00 -1.957259058952331543e+00 -2.409528732299804688e+00 -5.470638871192932129e-01 -1.943414211273193359e+00 -1.353118419647216797e+00 1.937054395675659180e+00 -8.583048582077026367e-01 2.876702547073364258e-01 -1.694607019424438477e+00 3.716837167739868164e-01 7.087063789367675781e-01
-6.608829498291015625e-01 -1.529693603515625000e-02 -1.449017763137817383e+00 1.466675162315368652e+00 7.648209333419799805e-01 4.794170856475830078e-01 8.206194877624511719e+00 2.818651199340820312e+00 -4.346618950366973877e-01 1.263902425765991211e+00 -2.824601411819458008e+00 -9.438679814338684082e-01 -1.759339690208435059e+00 1.353871583938598633e+00 6.863017082214355469e-01 -2.739322423934936523e+00 1.972234845161437988e+00 1.364518105983734131e-01 4.821379482746124268e-01 1.117748498916625977e+00
-6.134142875671386719e-01 7.841003537178039551e-01 2.025202989578247070e+00 1.445431709289550781e+00 4.134988784790039062e-02 -2.430556058883666992e+00 2.818651199340820312e+00 5.319810390472412109e+00 -1.320164948701858521e-01 1.193251460790634155e-01 6.231582760810852051e-01 8.280962109565734863e-01 -1.090738773345947266e+00 2.186157703399658203e+00 -2.690036773681640625e+00 2.137190818786621094e+00 1.638072729110717773e+00 4.280199706554412842e-01 -8.636802434921264648e-01 5.396175384521484375e-01
-3.695434927940368652e-01 -5.401363968849182129e-01 2.368846535682678223e-01 1.896919727325439453e+00 -6.749030351638793945e-01 -1.781168818473815918e+00 -4.346618950366973877e-01 -1.320164948701858521e-01 7.038394927978515625e+00 5.050988197326660156e-01 -2.163346111774444580e-01 8.601720333099365234e-01 5.949264764785766602e-01 7.294999361038208008e-01 9.872732162475585938e-01 -1.046537637710571289e+00 -2.305715799331665039e+00 1.764969587326049805e+00 9.672088623046875000e-01 5.079824328422546387e-01
-2.071472406387329102e+00 -1.265668511390686035e+00 -6.218379139900207520e-01 1.336594939231872559e+00 1.225133419036865234e+00 -1.957259058952331543e+00 1.263902425765991211e+00 1.193251460790634155e-01 5.050988197326660156e-01 5.659011363983154297e+00 1.039711356163024902e+00 -3.298559427261352539e+00 4.254444837570190430e-01 -1.228612780570983887e+00 -2.496154010295867920e-01 -2.149528741836547852e+00 -1.446240067481994629e+00 1.903161287307739258e+00 4.766880571842193604e-01 1.401953220367431641e+00
-2.243382215499877930e+00 -1.062276124954223633e+00 2.767966032028198242e+00 -2.380342483520507812e-01 -1.571382284164428711e+00 -2.409528732299804688e+00 -2.824601411819458008e+00 6.231582760810852051e-01 -2.163346111774444580e-01 1.039711356163024902e+00 5.994068145751953125e+00 7.001507282257080078e-02 1.447556734085083008e+00 1.199460387229919434e+00 -6.238510608673095703e-01 2.300909042358398438e+00 -1.681862235069274902e+00 -8.219140768051147461e-01 -1.930877923965454102e+00 -1.771318554878234863e+00
1.040604114532470703e+00 1.856074035167694092e-01 -8.221338391304016113e-01 -2.686766624450683594e+00 -1.613862991333007812e+00 -5.470638871192932129e-01 -9.438679814338684082e-01 8.280962109565734863e-01 8.601720333099365234e-01 -3.298559427261352539e+00 7.001507282257080078e-02 6.572256088256835938e+00 -2.201949656009674072e-01 1.629120707511901855e+00 4.594877958297729492e-01 3.395355224609375000e+00 1.104145526885986328e+00 -2.739973545074462891e+00 -1.678969562053680420e-01 -3.059422969818115234e+00
-1.818902254104614258e+00 -1.099018812179565430e+00 -4.424306154251098633e-01 1.008082628250122070e+00 -4.338277339935302734e+00 -1.943414211273193359e+00 -1.759339690208435059e+00 -1.090738773345947266e+00 5.949264764785766602e-01 4.254444837570190430e-01 1.447556734085083008e+00 -2.201949656009674072e-01 6.265046596527099609e+00 -2.028725862503051758e+00 -4.770079553127288818e-01 2.604797780513763428e-01 -3.231695413589477539e+00 1.101724386215209961e+00 -1.470917463302612305e+00 -8.618716001510620117e-01
-1.153291702270507812e+00 -1.026791632175445557e-01 1.397797465324401855e+00 2.417467355728149414e+00 7.523195147514343262e-01 -1.353118419647216797e+00 1.353871583938598633e+00 2.186157703399658203e+00 7.294999361038208008e-01 -1.228612780570983887e+00 1.199460387229919434e+00 1.629120707511901855e+00 -2.028725862503051758e+00 5.250250816345214844e+00 -1.229905366897583008e+00 2.151514053344726562e+00 2.311718225479125977e+00 -9.263789057731628418e-01 5.221296548843383789e-01 -1.734136104583740234e+00
5.837817192077636719e-01 -2.188670158386230469e+00 2.114679336547851562e+00 -2.296674966812133789e+00 3.487095236778259277e-01 1.937054395675659180e+00 6.863017082214355469e-01 -2.690036773681640625e+00 9.872732162475585938e-01 -2.496154010295867920e-01 -6.238510608673095703e-01 4.594877958297729492e-01 -4.770079553127288818e-01 -1.229905366897583008e+00 9.132781982421875000e+00 -1.060214519500732422e+00 7.595534920692443848e-01 -1.553901195526123047e+00 -1.701104938983917236e-01 -2.748582363128662109e-01
1.632384538650512695e+00 1.256297230720520020e+00 1.966060161590576172e+00 8.071105480194091797e-01 -2.576780319213867188e-01 -8.583048582077026367e-01 -2.739322423934936523e+00 2.137190818786621094e+00 -1.046537637710571289e+00 -2.149528741836547852e+00 2.300909042358398438e+00 3.395355224609375000e+00 2.604797780513763428e-01 2.151514053344726562e+00 -1.060214519500732422e+00 8.957683563232421875e+00 2.877437829971313477e+00 -1.471916556358337402e+00 2.900175452232360840e-01 -1.660500764846801758e+00
4.111589789390563965e-01 3.870623111724853516e-01 -5.929495394229888916e-02 7.178484201431274414e-01 2.605516910552978516e+00 2.876702547073364258e-01 1.972234845161437988e+00 1.638072729110717773e+00 -2.305715799331665039e+00 -1.446240067481994629e+00 -1.681862235069274902e+00 1.104145526885986328e+00 -3.231695413589477539e+00 2.311718225479125977e+00 7.595534920692443848e-01 2.877437829971313477e+00 6.800514221191406250e+00 -3.521328568458557129e-01 2.706106424331665039e+00 4.198504984378814697e-01
8.423982858657836914e-01 -2.550615072250366211e-01 1.276566028594970703e+00 1.054787874221801758e+00 -9.865552186965942383e-01 -1.694607019424438477e+00 1.364518105983734131e-01 4.280199706554412842e-01 1.764969587326049805e+00 1.903161287307739258e+00 -8.219140768051147461e-01 -2.739973545074462891e+00 1.101724386215209961e+00 -9.263789057731628418e-01 -1.553901195526123047e+00 -1.471916556358337402e+00 -3.521328568458557129e-01 6.874758243560791016e+00 3.922634124755859375e-01 1.828911900520324707e+00
2.501100003719329834e-01 -3.629133105278015137e-01 -4.173845052719116211e-01 1.673532009124755859e+00 8.924866914749145508e-01 3.716837167739868164e-01 4.821379482746124268e-01 -8.636802434921264648e-01 9.672088623046875000e-01 4.766880571842193604e-01 -1.930877923965454102e+00 -1.678969562053680420e-01 -1.470917463302612305e+00 5.221296548843383789e-01 -1.701104938983917236e-01 2.900175452232360840e-01 2.706106424331665039e+00 3.922634124755859375e-01 6.176159858703613281e+00 -3.779301643371582031e-01
5.988149046897888184e-01 1.285810470581054688e+00 -1.745377540588378906e+00 -4.555363655090332031e-01 1.795495986938476562e+00 7.087063789367675781e-01 1.117748498916625977e+00 5.396175384521484375e-01 5.079824328422546387e-01 1.401953220367431641e+00 -1.771318554878234863e+00 -3.059422969818115234e+00 -8.618716001510620117e-01 -1.734136104583740234e+00 -2.748582363128662109e-01 -1.660500764846801758e+00 4.198504984378814697e-01 1.828911900520324707e+00 -3.779301643371582031e-01 7.300549030303955078e+00
