4.847837448120117188e+00 -6.223734617233276367e-01 8.119406700134277344e-01 -3.366143703460693359e-01 1.515913963317871094e+00 4.679975211620330811e-01 -3.140473365783691406e-01 2.153654843568801880e-01 -6.275398135185241699e-01 1.055178642272949219e+00 3.228992819786071777e-01 -8.417317271232604980e-02 1.129137873649597168e+00 1.221568107604980469e+00 -7.553647756576538086e-01 2.137482762336730957e-01 6.477683186531066895e-01 -1.630336046218872070e-03 -2.631856501102447510e-01 7.286098599433898926e-01
-6.223734617233276367e-01 3.515662193298339844e+00 -6.875990033149719238e-01 -3.432657122611999512e-01 -2.547004520893096924e-01 1.177827358245849609e+00 1.154087185859680176e+00 4.274319410324096680e-01 2.835926413536071777e-01 -2.589209675788879395e-01 -2.329595088958740234e-01 9.581730365753173828e-01 1.674134850502014160e+00 7.953913211822509766e-01 -2.761763334274291992e-01 -9.858464002609252930e-01 -4.835712313652038574e-01 -5.802083015441894531e-01 -1.315204501152038574e+00 1.978435516357421875e+00
8.119406700134277344e-01 -6.875990033149719238e-01 3.807079792022705078e+00 1.088390588760375977e+00 1.008921265602111816e-01 -7.555338740348815918e-01 7.078566551208496094e-01 -6.910001039505004883e-01 -9.650768041610717773e-01 3.673432469367980957e-01 -1.193131804466247559e+00 -5.427271723747253418e-01 9.511624574661254883e-01 9.764627218246459961e-01 1.082941532135009766e+00 2.081212699413299561e-01 -1.506969690322875977e+00 -4.562402367591857910e-01 1.799177974462509155e-01 -1.833076238632202148e+00
-3.366143703460693359e-01 -3.432657122611999512e-01 1.088390588760375977e+00 3.319693088531494141e+00 -6.433767080307006836e-01 1.011397600173950195e+00 1.048476934432983398e+00 -8.712937831878662109e-01 5.000376701354980469e-01 -1.348428726196289062e+00 -1.227488756179809570e+00 -1.504947692155838013e-01 -1.239585578441619873e-01 2.282502412796020508e+00 1.139551639556884766e+00 -7.135298252105712891e-01 -5.512005090713500977e-02 -1.015544056892395020e+00 -3.792583942413330078e-01 -9.615957736968994141e-03
1.515913963317871094e+00 -2.547004520893096924e-01 1.008921265602111816e-01 -6.433767080307006836e-01 3.884423732757568359e+00 7.571667432785034180e-01 -9.862374067306518555e-01 7.693871855735778809e-02 -1.705268919467926025e-01 1.200390338897705078e+00 -9.686257839202880859e-01 9.793753027915954590e-01 1.338918358087539673e-01 1.565124988555908203e-01 -9.281490445137023926e-01 -1.535180449485778809e+00 1.103282570838928223e+00 -5.664471387863159180e-01 -7.234081029891967773e-01 -8.060216307640075684e-01
4.679975211620330811e-01 1.177827358245849609e+00 -7.555338740348815918e-01 1.011397600173950195e+00 7.571667432785034180e-01 4.919845104217529297e+00 1.242760896682739258e+00 -4.853752255439758301e-01 -1.579725444316864014e-01 -1.173121452331542969e+00 -9.319685101509094238e-01 5.172846317291259766e-01 1.881248354911804199e+00 6.627624034881591797e-01 -1.539747118949890137e-01 -1.011629343032836914e+00 -7.730895280838012695e-01 -1.554675340652465820e+00 -2.754808664321899414e+00 5.676551461219787598e-01
-3.140473365783691406e-01 1.154087185859680176e+00 7.078566551208496094e-01 1.048476934432983398e+00 -9.862374067306518555e-01 1.242760896682739258e+00 7.966219425201416016e+00 -1.543404102325439453e+00 2.446868419647216797e+00 1.453633546829223633e+00 -1.603621721267700195e+00 -3.921814262866973877e-01 -2.006593227386474609e+00 4.778099060058593750e-02 1.046962857246398926e+00 3.998699784278869629e-01 8.740589618682861328e-01 -5.096124649047851562e+00 -1.576820373535156250e+00 3.974770307540893555e-01
2.153654843568801880e-01 4.274319410324096680e-01 -6.910001039505004883e-01 -8.712937831878662109e-01 7.693871855735778809e-02 -4.853752255439758301e-01 -1.543404102325439453e+00 3.444617748260498047e+00 4.638008475303649902e-01 -6.477324962615966797e-01 8.319307565689086914e-01 6.988928318023681641e-01 3.886678516864776611e-01 -1.525537014007568359e+00 -1.787813425064086914e+00 -4.925931692123413086e-01 -1.104503870010375977e+00 3.521870076656341553e-01 -8.368605375289916992e-01 -9.657868742942810059e-01
-6.275398135185241699e-01 2.835926413536071777e-01 -9.650768041610717773e-01 5.000376701354980469e-01 -1.705268919467926025e-01 -1.579725444316864014e-01 2.446868419647216797e+00 4.638008475303649902e-01 4.287616729736328125e+00 4.974015951156616211e-01 -2.532299160957336426e-01 8.672183752059936523e-01 -2.045029878616333008e+00 -1.688304305076599121e+00 2.461042106151580811e-01 -9.084799885749816895e-02 -1.666429162025451660e+00 -6.609475612640380859e-01 1.020168662071228027e-01 5.794471502304077148e-01
1.055178642272949219e+00 -2.589209675788879395e-01 3.673432469367980957e-01 -1.348428726196289062e+00 1.200390338897705078e+00 -1.173121452331542969e+00 1.453633546829223633e+00 -6.477324962615966797e-01 4.974015951156616211e-01 4.564041614532470703e+00 1.465533018112182617e+00 -9.343253374099731445e-01 -1.371732592582702637e+00 -2.137823343276977539e+00 2.049699425697326660e-01 1.048170685768127441e+00 6.053172945976257324e-01 -3.327066898345947266e-01 2.017903923988342285e-01 4.712305665016174316e-01
3.228992819786071777e-01 -2.329595088958740234e-01 -1.193131804466247559e+00 -1.227488756179809570e+00 -9.686257839202880859e-01 -9.319685101509094238e-01 -1.603621721267700195e+00 8.319307565689086914e-01 -2.532299160957336426e-01 1.465533018112182617e+00 5.736662387847900391e+00 -1.690489292144775391e+00 -7.953305244445800781e-01 -1.661321878433227539e+00 -3.154534995555877686e-01 2.990846633911132812e+00 -1.091190934181213379e+00 9.331211447715759277e-01 -2.674525976181030273e-01 5.672785043716430664e-01
-8.417317271232604980e-02 9.581730365753173828e-01 -5.427271723747253418e-01 -1.504947692155838013e-01 9.793753027915954590e-01 5.172846317291259766e-01 -3.921814262866973877e-01 6.988928318023681641e-01 8.672183752059936523e-01 -9.343253374099731445e-01 -1.690489292144775391e+00 3.196959495544433594e+00 7.117075324058532715e-01 -5.081674456596374512e-01 -1.643480777740478516e+00 -2.047770023345947266e+00 2.419595420360565186e-01 9.553545117378234863e-01 -8.615275025367736816e-01 -1.185774803161621094e-03
1.129137873649597168e+00 1.674134850502014160e+00 9.511624574661254883e-01 -1.239585578441619873e-01 1.338918358087539673e-01 1.881248354911804199e+00 -2.006593227386474609e+00 3.886678516864776611e-01 -2.045029878616333008e+00 -1.371732592582702637e+00 -7.953305244445800781e-01 7.117075324058532715e-01 4.063642501831054688e+00 1.693069458007812500e+00 -2.690106332302093506e-01 -1.304191231727600098e+00 -1.448446035385131836e+00 1.784108400344848633e+00 -5.438411831855773926e-01 7.442303895950317383e-01
1.221568107604980469e+00 7.953913211822509766e-01 9.764627218246459961e-01 2.282502412796020508e+00 1.565124988555908203e-01 6.627624034881591797e-01 4.778099060058593750e-02 -1.525537014007568359e+00 -1.688304305076599121e+00 -2.137823343276977539e+00 -1.661321878433227539e+00 -5.081674456596374512e-01 1.693069458007812500e+00 7.770531654357910156e+00 1.282961845397949219e+00 -1.182059884071350098e+00 4.106509089469909668e-01 -4.618214964866638184e-01 1.004457116127014160e+00 2.215260028839111328e+00
-7.553647756576538086e-01 -2.761763334274291992e-01 1.082941532135009766e+00 1.139551639556884766e+00 -9.281490445137023926e-01 -1.539747118949890137e-01 1.046962857246398926e+00 -1.787813425064086914e+00 2.461042106151580811e-01 2.049699425697326660e-01 -3.154534995555877686e-01 -1.643480777740478516e+00 -2.690106332302093506e-01 1.282961845397949219e+00 5.427486419677734375e+00 5.403108000755310059e-01 -9.282442331314086914e-01 -1.479410886764526367e+00 8.759490251541137695e-01 -2.119836807250976562e-01
2.137482762336730957e-01 -9.858464002609252930e-01 2.081212699413299561e-01 -7.135298252105712891e-01 -1.535180449485778809e+00 -1.011629343032836914e+00 3.998699784278869629e-01 -4.925931692123413086e-01 -9.084799885749816895e-02 1.048170685768127441e+00 2.990846633911132812e+00 -2.047770023345947266e+00 -1.304191231727600098e+00 -1.182059884071350098e+00 5.403108000755310059e-01 4.920742034912109375e+00 -1.147158861160278320e+00 -3.974944055080413818e-01 8.812432736158370972e-02 2.009901702404022217e-01
6.477683186531066895e-01 -4.835712313652038574e-01 -1.506969690322875977e+00 -5.512005090713500977e-02 1.103282570838928223e+00 -7.730895280838012695e-01 8.740589618682861328e-01 -1.104503870010375977e+00 -1.666429162025451660e+00 6.053172945976257324e-01 -1.091190934181213379e+00 2.419595420360565186e-01 -1.448446035385131836e+00 4.106509089469909668e-01 -9.282442331314086914e-01 -1.147158861160278320e+00 8.628159523010253906e+00 -1.809151411056518555e+00 -9.457584470510482788e-02 2.538357675075531006e-01
-1.630336046218872070e-03 -5.802083015441894531e-01 -4.562402367591857910e-01 -1.015544056892395020e+00 -5.664471387863159180e-01 -1.554675340652465820e+00 -5.096124649047851562e+00 3.521870076656341553e-01 -6.609475612640380859e-01 -3.327066898345947266e-01 9.331211447715759277e-01 9.553545117378234863e-01 1.784108400344848633e+00 -4.618214964866638184e-01 -1.479410886764526367e+00 -3.974944055080413818e-01 -1.809151411056518555e+00 7.208572387695312500e+00 2.185507059097290039e+00 1.468064308166503906e+00
-2.631856501102447510e-01 -1.315204501152038574e+00 1.799177974462509155e-01 -3.792583942413330078e-01 -7.234081029891967773e-01 -2.754808664321899414e+00 -1.576820373535156250e+00 -8.368605375289916992e-01 1.020168662071228027e-01 2.017903923988342285e-01 -2.674525976181030273e-01 -8.615275025367736816e-01 -5.438411831855773926e-01 1.004457116127014160e+00 8.759490251541137695e-01 8.812432736158370972e-02 -9.457584470510482788e-02 2.185507059097290039e+00 4.922323703765869141e+00 1.131930351257324219e-01
7.286098599433898926e-01 1.978435516357421875e+00 -1.833076238632202148e+00 -9.615957736968994141e-03 -8.060216307640075684e-01 5.676551461219787598e-01 3.974770307540893555e-01 -9.657868742942810059e-01 5.794471502304077148e-01 4.712305665016174316e-01 5.672785043716430664e-01 -1.185774803161621094e-03 7.442303895950317383e-01 2.215260028839111328e+00 -2.119836807250976562e-01 2.009901702404022217e-01 2.538357675075531006e-01 1.468064308166503906e+00 1.131930351257324219e-01 5.182631969451904297e+00
