5.864463806152343750e+00 -8.451902270317077637e-01 4.837092757225036621e-02 -6.462093591690063477e-01 -2.619133710861206055e+00 -2.552482366561889648e+00 -1.476553201675415039e+00 -8.488371968269348145e-02 3.896082341670989990e-01 1.375750660896301270e+00 -4.799082279205322266e-01 1.397017478942871094e+00 1.509814381599426270e+00 -1.180400133132934570e+00 1.664466857910156250e-01 6.437572836875915527e-01 -5.473635196685791016e-01 -1.812242984771728516e+00 6.303744912147521973e-01 -1.179160952568054199e+00
-8.451902270317077637e-01 5.590602397918701172e+00 9.798364639282226562e-01 -3.148732662200927734e+00 -1.776453256607055664e-01 -2.883976399898529053e-01 3.740062117576599121e-01 -6.038222908973693848e-01 2.090902805328369141e+00 -9.319546818733215332e-01 1.912466645240783691e+00 -1.343034982681274414e+00 8.808925747871398926e-03 -5.733091831207275391e-01 3.722455203533172607e-01 2.019464969635009766e+00 4.272553920745849609e-01 -6.508321762084960938e-01 1.585531383752822876e-01 4.115397930145263672e-01
4.837092757225036621e-02 9.798364639282226562e-01 4.098505973815917969e+00 -1.209599494934082031e+00 5.254385471343994141e-01 -2.579073607921600342e-01 -2.774090468883514404e-01 1.519502252340316772e-01 7.893259525299072266e-01 -1.643862724304199219e-01 -6.401970982551574707e-01 -1.386452436447143555e+00 1.667186617851257324e-03 1.795179247856140137e+00 -1.106169342994689941e+00 1.788412928581237793e-01 -1.320892572402954102e-01 8.439288139343261719e-01 1.010422945022583008e+00 2.311083316802978516e+00
-6.462093591690063477e-01 -3.148732662200927734e+00 -1.209599494934082031e+00 5.407156467437744141e+00 7.158228158950805664e-01 -2.346269607543945312e+00 3.075534701347351074e-01 -1.135890007019042969e+00 -3.098985552787780762e-02 1.023383259773254395e+00 -9.968680143356323242e-01 5.039189457893371582e-01 -2.287604212760925293e-01 -1.317006349563598633e-01 -1.092793941497802734e-01 -6.927666664123535156e-01 -2.215980768203735352e+00 2.935923933982849121e-01 8.792858719825744629e-01 -7.913857698440551758e-01
-2.619133710861206055e+00 -1.776453256607055664e-01 5.254385471343994141e-01 7.158228158950805664e-01 7.438551902770996094e+00 3.754264116287231445e+00 -1.371020555496215820e+00 -2.618681788444519043e-01 -1.615772008895874023e+00 3.689696192741394043e-01 -3.543899059295654297e-01 -6.385971307754516602e-01 -1.162002325057983398e+00 1.294094324111938477e+00 -3.575950860977172852e-01 -2.219619750976562500e+00 -2.183320760726928711e+00 1.287675142288208008e+00 4.715366661548614502e-01 1.893224716186523438e-01
-2.552482366561889648e+00 -2.883976399898529053e-01 -2.579073607921600342e-01 -2.346269607543945312e+00 3.754264116287231445e+00 1.014113903045654297e+01 4.870228469371795654e-03 2.510409832000732422e+00 -1.131947517395019531e+00 1.194354295730590820e+00 5.589043498039245605e-01 -1.083766460418701172e+00 -1.108490943908691406e+00 3.313531637191772461e+00 -1.553644895553588867e+00 7.927715778350830078e-01 -7.689121365547180176e-02 1.885328054428100586e+00 -5.999926328659057617e-01 1.676820665597915649e-01
-1.476553201675415039e+00 3.740062117576599121e-01 -2.774090468883514404e-01 3.075534701347351074e-01 -1.371020555496215820e+00 4.870228469371795654e-03 3.801530838012695312e+00 7.840951681137084961e-01 -6.758718490600585938e-01 -2.033946037292480469e+00 -1.171365261077880859e+00 -4.502144157886505127e-01 -1.003770589828491211e+00 -8.845862746238708496e-02 4.121209383010864258e-01 1.885891675949096680e+00 1.783740520477294922e+00 1.063476800918579102e+00 -7.874104976654052734e-01 -1.021283268928527832e+00
-8.488371968269348145e-02 -6.038222908973693848e-01 1.519502252340316772e-01 -1.135890007019042969e+00 -2.618681788444519043e-01 2.510409832000732422e+00 7.840951681137084961e-01 4.146030426025390625e+00 6.585683673620223999e-02 -1.577306628227233887e+00 -2.472418844699859619e-01 -4.226263761520385742e-01 -1.111897468566894531e+00 -1.435904949903488159e-02 1.796913623809814453e+00 -2.009347975254058838e-01 2.173797369003295898e+00 1.290213227272033691e+00 -7.640454769134521484e-01 7.760854810476303101e-02
3.896082341670989990e-01 2.090902805328369141e+00 7.893259525299072266e-01 -3.098985552787780762e-02 -1.615772008895874023e+00 -1.131947517395019531e+00 -6.758718490600585938e-01 6.585683673620223999e-02 3.966767549514770508e+00 1.248273015022277832e+00 1.776865601539611816e+00 -3.994588851928710938e-01 -1.598635017871856689e-01 -1.561321318149566650e-02 7.034360170364379883e-01 6.586627364158630371e-01 -4.723057150840759277e-02 -6.177896261215209961e-01 9.135418534278869629e-01 8.911539912223815918e-01
1.375750660896301270e+00 -9.319546818733215332e-01 -1.643862724304199219e-01 1.023383259773254395e+00 3.689696192741394043e-01 1.194354295730590820e+00 -2.033946037292480469e+00 -1.577306628227233887e+00 1.248273015022277832e+00 9.052736282348632812e+00 1.451328516006469727e+00 2.449111789464950562e-01 1.544981002807617188e+00 7.933276891708374023e-02 1.926671564579010010e-01 9.744856357574462891e-01 -7.160364985466003418e-01 -1.898487567901611328e+00 1.971113801002502441e+00 -2.232947349548339844e-01
-4.799082279205322266e-01 1.912466645240783691e+00 -6.401970982551574707e-01 -9.968680143356323242e-01 -3.543899059295654297e-01 5.589043498039245605e-01 -1.171365261077880859e+00 -2.472418844699859619e-01 1.776865601539611816e+00 1.451328516006469727e+00 4.394109725952148438e+00 1.424918174743652344e-01 -1.681457757949829102e-01 -2.274265289306640625e-01 -4.055225551128387451e-01 -2.804607152938842773e-02 1.201003909111022949e+00 -2.120360612869262695e+00 -7.739318609237670898e-01 -8.669703602790832520e-01
1.397017478942871094e+00 -1.343034982681274414e+00 -1.386452436447143555e+00 5.039189457893371582e-01 -6.385971307754516602e-01 -1.083766460418701172e+00 -4.502144157886505127e-01 -4.226263761520385742e-01 -3.994588851928710938e-01 2.449111789464950562e-01 1.424918174743652344e-01 5.711128234863281250e+00 2.989886999130249023e-01 -1.342217803001403809e+00 -6.753233671188354492e-01 3.614922165870666504e-01 1.404215812683105469e+00 -2.791639804840087891e+00 -8.116867542266845703e-01 -1.678427934646606445e+00
1.509814381599426270e+00 8.808925747871398926e-03 1.667186617851257324e-03 -2.287604212760925293e-01 -1.162002325057983398e+00 -1.108490943908691406e+00 -1.003770589828491211e+00 -1.111897468566894531e+00 -1.598635017871856689e-01 1.544981002807617188e+00 -1.681457757949829102e-01 2.989886999130249023e-01 1.820117712020874023e+00 -7.139395475387573242e-01 -2.142595648765563965e-01 4.799669682979583740e-01 -1.156301736831665039e+00 -5.839424133300781250e-01 7.440283298492431641e-01 2.565568387508392334e-01
-1.180400133132934570e+00 -5.733091831207275391e-01 1.795179247856140137e+00 -1.317006349563598633e-01 1.294094324111938477e+00 3.313531637191772461e+00 -8.845862746238708496e-02 -1.435904949903488159e-02 -1.561321318149566650e-02 7.933276891708374023e-02 -2.274265289306640625e-01 -1.342217803001403809e+00 -7.139395475387573242e-01 4.431981563568115234e+00 -3.312351465225219727e+00 4.169493913650512695e-02 -6.263121366500854492e-01 9.198189973831176758e-01 8.262693881988525391e-01 1.399091958999633789e+00
1.664466857910156250e-01 3.722455203533172607e-01 -1.106169342994689941e+00 -1.092793941497802734e-01 -3.575950860977172852e-01 -1.553644895553588867e+00 4.121209383010864258e-01 1.796913623809814453e+00 7.034360170364379883e-01 1.926671564579010010e-01 -4.055225551128387451e-01 -6.753233671188354492e-01 -2.142595648765563965e-01 -3.312351465225219727e+00 8.019506454467773438e+00 -1.258377194404602051e+00 1.177509784698486328e+00 1.243051886558532715e-01 -4.629805088043212891e-01 8.586413860321044922e-01
6.437572836875915527e-01 2.019464969635009766e+00 1.788412928581237793e-01 -6.927666664123535156e-01 -2.219619750976562500e+00 7.927715778350830078e-01 1.885891675949096680e+00 -2.009347975254058838e-01 6.586627364158630371e-01 9.744856357574462891e-01 -2.804607152938842773e-02 3.614922165870666504e-01 4.799669682979583740e-01 4.169493913650512695e-02 -1.258377194404602051e+00 6.407872200012207031e+00 -6.245809793472290039e-01 -1.316142439842224121e+00 9.895759224891662598e-01 -2.375632047653198242e+00
-5.473635196685791016e-01 4.272553920745849609e-01 -1.320892572402954102e-01 -2.215980768203735352e+00 -2.183320760726928711e+00 -7.689121365547180176e-02 1.783740520477294922e+00 2.173797369003295898e+00 -4.723057150840759277e-02 -7.160364985466003418e-01 1.201003909111022949e+00 1.404215812683105469e+00 -1.156301736831665039e+00 -6.263121366500854492e-01 1.177509784698486328e+00 -6.245809793472290039e-01 5.943610668182373047e+00 -1.288985371589660645e+00 -1.544414758682250977e+00 -4.574019312858581543e-01
-1.812242984771728516e+00 -6.508321762084960938e-01 8.439288139343261719e-01 2.935923933982849121e-01 1.287675142288208008e+00 1.885328054428100586e+00 1.063476800918579102e+00 1.290213227272033691e+00 -6.177896261215209961e-01 -1.898487567901611328e+00 -2.120360612869262695e+00 -2.791639804840087891e+00 -5.839424133300781250e-01 9.198189973831176758e-01 1.243051886558532715e-01 -1.316142439842224121e+00 -1.288985371589660645e+00 4.372737407684326172e+00 -5.272455811500549316e-01 2.224370002746582031e+00
6.303744912147521973e-01 1.585531383752822876e-01 1.010422945022583008e+00 8.792858719825744629e-01 4.715366661548614502e-01 -5.999926328659057617e-01 -7.874104976654052734e-01 -7.640454769134521484e-01 9.135418534278869629e-01 1.971113801002502441e+00 -7.739318609237670898e-01 -8.116867542266845703e-01 7.440283298492431641e-01 8.262693881988525391e-01 -4.629805088043212891e-01 9.895759224891662598e-01 -1.544414758682250977e+00 -5.272455811500549316e-01 3.571801662445068359e+00 -3.320680558681488037e-01
-1.179160952568054199e+00 4.115397930145263672e-01 2.311083316802978516e+00 -7.913857698440551758e-01 1.893224716186523438e-01 1.676820665597915649e-01 -1.021283268928527832e+00 7.760854810476303101e-02 8.911539912223815918e-01 -2.232947349548339844e-01 -8.669703602790832520e-01 -1.678427934646606445e+00 2.565568387508392334e-01 1.399091958999633789e+00 8.586413860321044922e-01 -2.375632047653198242e+00 -4.574019312858581543e-01 2.224370002746582031e+00 -3.320680558681488037e-01 6.456410884857177734e+00
